0 0.814422 0.519597 0.059906 0.057917
0 0.768801 0.568944 0.067367 0.067306
0 0.608117 0.889674 0.110719 0.182292
0 0.275813 0.707993 0.062688 0.101264
0 0.271941 0.832722 0.080508 0.161889
0 0.686523 0.742688 0.090188 0.116347
0 0.497332 0.481389 0.042758 0.038750
0 0.462691 0.949444 0.114289 0.095083
0 0.762918 0.409319 0.037430 0.050444
0 0.965617 0.707667 0.064375 0.065278
0 0.595254 0.459368 0.041430 0.045125
0 0.237625 0.408264 0.028484 0.023944
0 0.264297 0.408722 0.024859 0.026694
0 0.319199 0.405958 0.022789 0.024861
0 0.270426 0.488806 0.036758 0.049528
0 0.237348 0.534236 0.038695 0.049444
0 0.307762 0.470097 0.041008 0.043333
0 0.396164 0.446028 0.034437 0.030944
0 0.428469 0.436736 0.039469 0.042639
0 0.378918 0.614396 0.063523 0.098014
0 0.478395 0.610132 0.067117 0.095875
0 0.554680 0.466597 0.058766 0.052917
0 0.325316 0.427437 0.034852 0.025764
0 0.635223 0.557438 0.058961 0.051931
0 0.772852 0.652861 0.078312 0.090583
