0 0.555629 0.460847 0.035242 0.038972
0 0.282715 0.652715 0.056102 0.099875
0 0.502848 0.649896 0.069930 0.107847
0 0.245195 0.468882 0.037844 0.045958
0 0.352063 0.438153 0.024984 0.019639
0 0.396699 0.429840 0.020930 0.020986
0 0.474445 0.467375 0.056922 0.043306
0 0.825617 0.553174 0.072453 0.071042
0 0.765852 0.602361 0.068687 0.075500
0 0.559059 0.775174 0.082117 0.124764
0 0.835090 0.689382 0.090305 0.084542
0 0.485961 0.466681 0.033984 0.043111
0 0.314770 0.479097 0.041602 0.045611
0 0.323359 0.525160 0.047531 0.072264
0 0.272254 0.408486 0.029992 0.027056
0 0.303367 0.400924 0.025969 0.021486
0 0.323113 0.418958 0.030633 0.029806
0 0.969234 0.723410 0.061016 0.086292
0 0.622180 0.450222 0.047203 0.029583
0 0.630887 0.477049 0.053008 0.039208
0 0.614637 0.505243 0.049914 0.051597
0 0.383859 0.483924 0.043328 0.047458
0 0.262188 0.544104 0.042172 0.057764
0 0.433848 0.945625 0.121602 0.108750
