0 0.736105 0.518403 0.052773 0.050639
0 0.700043 0.537701 0.057023 0.058625
0 0.476270 0.632667 0.059898 0.081889
0 0.662375 0.470694 0.049719 0.042361
0 0.379848 0.513049 0.045055 0.064458
0 0.462977 0.520875 0.056969 0.069056
0 0.542738 0.583486 0.054898 0.080111
0 0.328109 0.538389 0.042062 0.065111
0 0.839426 0.615944 0.079008 0.069472
0 0.284844 0.625569 0.060625 0.103528
0 0.408258 0.447222 0.032078 0.033083
0 0.372695 0.440632 0.033672 0.035958
0 0.298148 0.405146 0.028234 0.027069
0 0.270148 0.437778 0.033125 0.031833
0 0.236805 0.442549 0.031781 0.028653
0 0.275074 0.464035 0.036711 0.036597
0 0.230762 0.468806 0.032227 0.038194
0 0.324762 0.446125 0.042977 0.050139
0 0.463492 0.449514 0.036250 0.038667
0 0.516324 0.432479 0.043508 0.039597
0 0.438078 0.582187 0.048578 0.062819
0 0.623305 0.679708 0.078016 0.101861
0 0.292566 0.503799 0.040148 0.049764
0 0.552844 0.472118 0.052297 0.055625
0 0.262273 0.898542 0.121719 0.191667
0 0.778332 0.642958 0.087617 0.117111
0 0.616543 0.497646 0.051570 0.059653
