0 0.368781 0.508910 0.046406 0.059403
0 0.438293 0.441611 0.036383 0.039556
0 0.506656 0.445472 0.121672 0.132556
0 0.347277 0.431340 0.035836 0.031347
0 0.359699 0.421063 0.025430 0.026208
0 0.560852 0.510090 0.048672 0.048569
0 0.289469 0.501903 0.037484 0.041806
0 0.745027 0.559569 0.055695 0.054778
0 0.396125 0.691528 0.059344 0.093444
0 0.240484 0.466326 0.041906 0.049708
0 0.502387 0.554028 0.049195 0.056472
0 0.267316 0.539250 0.040164 0.069194
0 0.620637 0.550562 0.052273 0.055542
0 0.866848 0.720812 0.096039 0.097514
0 0.654262 0.516625 0.049602 0.042972
0 0.776508 0.544806 0.050203 0.041556
0 0.732578 0.626188 0.073281 0.064875
0 0.205520 0.485486 0.032867 0.055694
0 0.452320 0.957424 0.120672 0.085153
0 0.668133 0.496535 0.043625 0.041264
0 0.429117 0.503958 0.048266 0.052806
