0 0.401004 0.677424 0.060992 0.114903
0 0.250316 0.446493 0.038352 0.038347
0 0.543055 0.502125 0.048609 0.050056
0 0.657918 0.699174 0.088586 0.113542
0 0.308668 0.521285 0.039961 0.057486
0 0.467348 0.438743 0.040352 0.050375
0 0.628617 0.510549 0.052250 0.047597
0 0.920125 0.651618 0.100234 0.102764
0 0.498109 0.628722 0.066484 0.102194
0 0.597602 0.826569 0.094047 0.139778
0 0.369398 0.587653 0.046719 0.076750
0 0.418859 0.433750 0.041469 0.040000
0 0.345523 0.414972 0.038703 0.040889
0 0.647762 0.565167 0.057555 0.054778
0 0.866730 0.933819 0.142945 0.132361
0 0.663125 0.964938 0.112344 0.070125
0 0.543027 0.457507 0.051070 0.047458
0 0.256609 0.478993 0.037750 0.043681
0 0.331215 0.482722 0.041945 0.044750
0 0.381855 0.480590 0.044945 0.049014
0 0.703340 0.502042 0.056852 0.056694
0 0.766156 0.641028 0.077375 0.087611
0 0.531668 0.584458 0.056930 0.071389
0 0.443539 0.502944 0.049437 0.066778
0 0.375559 0.519472 0.046742 0.047944
