0 0.328020 0.541375 0.038570 0.062972
0 0.292254 0.506646 0.039008 0.062097
0 0.251699 0.551090 0.041086 0.049458
0 0.913605 0.577306 0.082945 0.086500
0 0.333816 0.486021 0.042555 0.046042
0 0.735797 0.800326 0.120672 0.181514
0 0.401809 0.415604 0.032961 0.037292
0 0.290348 0.440104 0.040148 0.045819
0 0.260383 0.484319 0.035359 0.049000
0 0.373344 0.475257 0.040750 0.043681
0 0.427578 0.571674 0.042547 0.066042
0 0.390422 0.637729 0.090484 0.191764
0 0.431770 0.508819 0.048539 0.068194
0 0.323664 0.420847 0.044703 0.041361
0 0.508844 0.564743 0.054641 0.066431
0 0.293238 0.778486 0.072430 0.150000
0 0.737738 0.492535 0.051555 0.051847
0 0.748547 0.577972 0.070609 0.064361
0 0.544289 0.733528 0.073797 0.110306
0 0.301063 0.596229 0.042797 0.074347
0 0.897281 0.460250 0.070922 0.064389
