0 0.522504 0.693181 0.066523 0.116250
0 0.840418 0.959729 0.047195 0.068264
0 0.282738 0.782111 0.078508 0.169556
0 0.936516 0.692208 0.085641 0.076556
0 0.979398 0.580125 0.041125 0.071694
0 0.447281 0.573403 0.053781 0.065833
0 0.610254 0.474090 0.050336 0.051625
0 0.397578 0.657521 0.069687 0.137236
0 0.929129 0.608486 0.083602 0.075306
0 0.676910 0.580743 0.062211 0.066819
0 0.682719 0.721694 0.086203 0.128083
0 0.811191 0.676153 0.085023 0.082917
0 0.590891 0.534062 0.049906 0.057431
0 0.663152 0.473222 0.043758 0.037000
0 0.676629 0.960611 0.110617 0.076361
0 0.547117 0.581306 0.074609 0.108389
0 0.286391 0.629792 0.047328 0.079861
0 0.272754 0.588438 0.036102 0.059903
0 0.330113 0.546361 0.043320 0.061333
0 0.237051 0.523542 0.038508 0.052778
0 0.341746 0.495021 0.040914 0.052764
0 0.345758 0.464354 0.042516 0.039931
0 0.498582 0.484319 0.046523 0.051333
0 0.447641 0.465063 0.034500 0.044208
0 0.534684 0.437257 0.040117 0.042792
0 0.472508 0.424424 0.047328 0.048486
0 0.393090 0.445819 0.036102 0.037083
0 0.384266 0.427278 0.037703 0.028528
0 0.313266 0.418000 0.030484 0.032806
0 0.264328 0.450090 0.041719 0.042792
0 0.241063 0.465069 0.036906 0.041361
0 0.201754 0.478618 0.032086 0.048486
0 0.264328 0.414437 0.024063 0.031375
