0 0.301055 0.650069 0.051656 0.093056
0 0.821996 0.559021 0.068773 0.055764
0 0.709703 0.551840 0.060687 0.062014
0 0.652555 0.447569 0.125672 0.085694
0 0.571980 0.524111 0.047555 0.044889
0 0.507816 0.426146 0.106070 0.088431
0 0.255902 0.943674 0.102617 0.112653
0 0.471883 0.969931 0.115797 0.059167
0 0.626156 0.874403 0.120641 0.193528
0 0.247219 0.403757 0.029719 0.026653
0 0.282562 0.403757 0.027469 0.023097
0 0.300168 0.421965 0.025227 0.022208
0 0.360988 0.411083 0.027977 0.028861
0 0.343020 0.430410 0.025773 0.028764
0 0.387066 0.427208 0.034758 0.033028
0 0.276207 0.492729 0.038367 0.036208
0 0.320848 0.477285 0.038945 0.037292
0 0.372684 0.511382 0.044352 0.050069
0 0.955594 0.604542 0.060469 0.071000
0 0.258871 0.546056 0.041852 0.098833
0 0.565293 0.478840 0.051898 0.052153
0 0.682031 0.497563 0.052500 0.052875
0 0.800590 0.506889 0.063258 0.047667
0 0.778430 0.655236 0.084578 0.071583
0 0.332496 0.536979 0.043039 0.062375
0 0.424316 0.566549 0.052336 0.080403
