0 0.386320 0.626479 0.060344 0.094069
0 0.591023 0.523118 0.037328 0.045514
0 0.718422 0.604090 0.064609 0.080347
0 0.528711 0.726479 0.068359 0.103097
0 0.276934 0.604681 0.046836 0.076667
0 0.785410 0.561993 0.099039 0.095264
0 0.850078 0.562396 0.061766 0.079153
0 0.456922 0.587201 0.055906 0.070347
0 0.211730 0.403312 0.026227 0.025319
0 0.249316 0.397542 0.027477 0.026194
0 0.408039 0.436188 0.033656 0.033014
0 0.374770 0.440625 0.035977 0.035000
0 0.257156 0.548611 0.040625 0.053028
0 0.266828 0.481931 0.044484 0.057083
0 0.348074 0.488736 0.047586 0.062583
0 0.454078 0.521062 0.049906 0.057097
0 0.813766 0.926729 0.164297 0.145208
0 0.430414 0.934486 0.142016 0.131028
0 0.306184 0.413299 0.020102 0.019597
0 0.482750 0.459958 0.040453 0.051111
0 0.613719 0.476444 0.036594 0.034639
0 0.575605 0.480167 0.052039 0.051056
0 0.482926 0.471910 0.041492 0.029542
