0 0.519449 0.435340 0.047148 0.048069
0 0.722699 0.548438 0.064523 0.070153
0 0.595125 0.528715 0.048922 0.060597
0 0.839027 0.618604 0.091758 0.080875
0 0.499820 0.556868 0.065250 0.073042
0 0.532348 0.674667 0.070008 0.105194
0 0.491508 0.462472 0.038531 0.040222
0 0.626020 0.499549 0.052102 0.053181
0 0.447813 0.457743 0.046500 0.048264
0 0.440617 0.581764 0.052109 0.067083
0 0.342871 0.543014 0.040086 0.067778
0 0.353422 0.469125 0.048797 0.058806
0 0.289637 0.597118 0.081773 0.177014
0 0.970133 0.720694 0.059625 0.106000
0 0.834582 0.556750 0.085289 0.078889
0 0.430352 0.423625 0.033969 0.039444
0 0.363789 0.435965 0.040906 0.039431
0 0.382164 0.426708 0.027734 0.030806
0 0.248344 0.520389 0.044375 0.082583
0 0.325656 0.421167 0.035359 0.039444
0 0.254934 0.456910 0.032586 0.036986
0 0.245223 0.433486 0.038133 0.036972
0 0.284051 0.403285 0.027039 0.028347
