0 0.598352 0.463313 0.031203 0.044375
0 0.420160 0.544667 0.057555 0.069028
0 0.494363 0.548368 0.050648 0.061625
0 0.235379 0.521868 0.041602 0.057931
0 0.264848 0.484271 0.039523 0.044375
0 0.266477 0.398118 0.018984 0.021319
0 0.674625 0.957840 0.132734 0.084319
0 0.443836 0.463646 0.039125 0.042208
0 0.460723 0.446701 0.032102 0.038042
0 0.313867 0.415049 0.029781 0.041597
0 0.228098 0.451604 0.039523 0.038208
0 0.242125 0.408778 0.031719 0.029306
0 0.409402 0.675194 0.059086 0.113833
0 0.284801 0.690958 0.060633 0.132806
0 0.340656 0.542938 0.051359 0.061986
0 0.850840 0.694007 0.089523 0.083181
0 0.267227 0.587076 0.047422 0.076542
0 0.366016 0.424792 0.040141 0.047306
0 0.700340 0.598917 0.066695 0.071306
0 0.715336 0.513646 0.055375 0.059792
0 0.456187 0.604014 0.051344 0.077194
0 0.774734 0.870417 0.118641 0.148306
0 0.576258 0.483083 0.050875 0.052889
0 0.877773 0.645674 0.082687 0.071264
0 0.246949 0.907264 0.098727 0.153556
0 0.521508 0.661104 0.071312 0.125014
