0 0.568035 0.451944 0.043930 0.041111
0 0.639145 0.561507 0.038602 0.050625
0 0.853082 0.942514 0.107055 0.108250
0 0.273965 0.839493 0.085648 0.135764
0 0.382117 0.624201 0.050766 0.077236
0 0.239656 0.521167 0.040266 0.063167
0 0.307414 0.529340 0.047016 0.072653
0 0.663086 0.521938 0.053828 0.044986
0 0.336395 0.428000 0.023461 0.025167
0 0.979613 0.649167 0.040320 0.078333
0 0.830715 0.618062 0.071617 0.074153
0 0.294605 0.464868 0.042555 0.049514
0 0.345098 0.492729 0.041398 0.047458
0 0.341211 0.409500 0.029766 0.025444
0 0.434148 0.895535 0.106172 0.193375
0 0.859922 0.706528 0.111250 0.092222
0 0.506352 0.462076 0.041922 0.042764
0 0.423047 0.420972 0.038594 0.039722
0 0.251664 0.405375 0.029406 0.033694
0 0.191117 0.396431 0.022828 0.028194
0 0.597922 0.641972 0.071188 0.092167
0 0.561969 0.489708 0.045078 0.047778
